0
1
2
3
4
10
11
12
13
14
34
44
60
61
62
63
64
70
71
72
73
74
75
76
77
78
80
81
83
87
88
89
90
92
95
96
97
98
107
108
109
110
111
112
113
116
117
118
119
120
122
123
128
130
131
132
133
134
136
137
140
143
145
156
159
161
163
164
165
169
171
172
173
177
179
231
233
234
236
237
238
239
240
241
242
243
244
249
252
255
258
259
264
265
266
267
268
269
270
271
272
273
276
279
281
283
286
288
289
290
291
292
294
295
297
298
300
301
303
306
316
318
319
321
322
324
325
327
328
330
336
338
340
346
349
351
355
357
358
360
361
363
364
366
376
378
379
381
382
384
386
388
394
396
398
402
409
420
421
423
425
427
428
430
433
436
438
30
40
144
160
174
176
