21 4.2 0.3 2.2 
128 2.2 3.1 4.2 
143 16.5 0.3 1.5 
153 4.2 3.1 2.2 
370 2.2 0.3 4.2 
371 16.5 3.1 5 
381 2.2 3.1 2.2 
387 2.2 0.3 2.2 
442 16.5 0.3 5 
497 16.5 3.1 1.5 
767 16.5 3.1 3.8 
776 16.5 0.3 2.6 
1003 4.2 0.3 4.2 
1246 4.2 3.1 4.2 
1538 0.8 0.3 1.5 
1569 0.8 0.3 5 
1699 16.5 0.3 3.8 
1816 0.8 3.1 5 
1846 0.8 3.1 1.5 
1977 16.5 3.1 2.6 
2090 18.6 3.1 2.6 
2097 18.6 3.1 3.8 
2158 18.6 0.3 2.6 
2159 18.6 0.3 3.8 
2166 17.1 1.3 2.6 
2169 17.1 1.3 3.8 
2184 18 2 2.6 
2185 18 2 3.8 
2191 17.1 2 2.6 
2193 17.1 2 3.8 
2198 18 1.3 2.6 
2199 18 1.3 3.8 
