0 0.000000 1.500000 1.000000
29 1.500000 1.500000 1.000000
50 1.500000 2.500000 1.000000
68 0.000000 2.500000 1.000000
537 2.500000 2.500000 1.000000
561 2.500000 1.500000 1.000000
1489 1.500000 0.000000 1.000000
1509 2.500000 0.000000 1.000000
2140 0.000000 1.300000 1.000000
2168 1.300000 1.300000 1.000000
2312 1.300000 0.000000 1.000000
2488 3.000000 2.500000 1.000000
2531 3.000000 1.500000 1.000000
2830 3.500000 2.500000 1.500000
2849 3.500000 1.500000 1.500000
3254 3.000000 0.000000 1.000000
3268 3.500000 0.000000 1.500000
3847 1.500000 1.500000 0.500000
3876 0.000000 1.500000 0.500000
3889 0.000000 2.500000 0.500000
3907 1.500000 2.500000 0.500000
4372 2.500000 2.500000 0.500000
4395 2.500000 1.500000 0.500000
5298 3.000000 2.500000 0.500000
5340 3.000000 1.500000 0.500000
5620 3.500000 2.500000 0.000000
5667 3.500000 1.500000 0.000000
6056 3.000000 0.000000 0.500000
6065 2.500000 0.000000 0.500000
6369 3.500000 0.000000 0.000000
6958 1.500000 0.000000 0.500000
7571 1.300000 0.000000 0.500000
7599 1.300000 1.300000 0.500000
7753 0.000000 1.300000 0.500000
7928 0.000000 2.500000 1.500000
7972 2.500000 2.500000 1.500000
8924 0.000000 2.500000 0.000000
8968 2.500000 2.500000 0.000000
10766 1.000000 0.000000 0.500000
10772 1.000000 0.000000 1.000000
10886 4.000000 0.000000 1.500000
10900 4.000000 0.000000 0.000000
11212 4.000000 1.000000 0.000000
11226 4.000000 1.000000 1.500000
11338 4.500000 0.000000 0.000000
11352 4.500000 0.000000 1.500000
11358 4.500000 1.000000 1.500000
11372 4.500000 1.000000 0.000000
11782 5.000000 0.000000 1.500000
11796 5.000000 0.000000 0.000000
12002 3.500000 4.000000 0.000000
12018 4.000000 3.500000 0.000000
12023 4.000000 2.500000 0.000000
12394 5.000000 1.500000 0.000000
12617 4.000000 2.000000 0.000000
12849 5.000000 4.000000 0.000000
12865 4.500000 3.500000 0.000000
12876 4.500000 2.000000 0.000000
14385 2.500000 3.500000 0.000000
14429 0.000000 3.500000 0.000000
14796 2.500000 4.000000 0.000000
15109 3.500000 4.000000 1.500000
15125 4.000000 3.500000 1.500000
15130 4.000000 2.500000 1.500000
15507 5.000000 1.500000 1.500000
15688 5.000000 4.000000 1.500000
15736 4.500000 2.000000 1.500000
15747 4.500000 3.500000 1.500000
16493 4.000000 2.000000 1.500000
19644 2.500000 3.500000 1.500000
19688 0.000000 3.500000 1.500000
20082 2.500000 4.000000 1.500000
20389 3.000000 4.000000 1.000000
20395 3.000000 4.000000 0.500000
20404 2.500000 4.000000 0.500000
20412 2.500000 4.000000 1.000000
22113 1.000000 1.000000 1.000000
22119 1.000000 1.000000 0.500000
22330 0.000000 1.000000 1.000000
22336 0.000000 1.000000 0.500000
23515 2.500000 3.500000 0.500000
23523 2.500000 3.500000 1.000000
23567 0.000000 3.500000 1.000000
23575 0.000000 3.500000 0.500000
