68 0 5 1 
2488 3.3 5 1 
2830 3.8 5 1.5 
3254 3.3 2.7 1 
3268 3.8 2.7 1.5 
3889 0 5 0.9 
5298 3.3 5 0.9 
5620 3.8 5 0.5 
6056 3.3 2.7 0.9 
6369 3.8 2.7 0.5 
7928 0 5 1.5 
8924 0 5 0.5 
10766 1.1 2.7 0.9 
10772 1.1 2.7 1 
10886 4.6 2.7 1.5 
10900 4.6 2.7 0.5 
11212 4.6 3 0.5 
11226 4.6 3 1.5 
11338 5.3 2.7 0.5 
11352 5.3 2.7 1.5 
11358 5.3 3 1.5 
11372 5.3 3 0.5 
11782 5.9 2.7 1.5 
11796 5.9 2.7 0.5 
12018 4.6 4.9 0.5 
12617 4.6 4.2 0.5 
12849 5.9 5.4 0.5 
12865 5.2 4.9 0.5 
12876 5.2 4.2 0.5 
14385 2.6 5.3 0.5 
14429 0 5.3 0.5 
14796 2.6 5.4 0.5 
15125 4.6 4.9 1.5 
15688 5.9 5.4 1.5 
15736 5.2 4.2 1.5 
15747 5.2 4.9 1.5 
16493 4.6 4.2 1.5 
19644 2.6 5.3 1.5 
19688 0 5.3 1.5 
20082 2.6 5.4 1.5 
22113 1.1 3.8 1 
22119 1.1 3.8 0.9 
22330 0 3.8 1 
22336 0 3.8 0.9 
